2.0701e-04 2.0663e-04 2.0715e-04 2.0685e-04 2.0648e-04 2.0655e-04 2.0626e-04 2.0732e-04 0 0 0 0 0 0 0 0
2.0663e-04 2.0649e-04 2.0685e-04 2.0663e-04 2.0642e-04 2.0646e-04 2.0633e-04 2.0703e-04 0 0 0 0 0 0 0 0
2.0715e-04 2.0685e-04 2.0832e-04 2.0779e-04 2.0695e-04 2.0695e-04 2.0657e-04 2.0985e-04 0 0 0 0 0 0 0 0
2.0685e-04 2.0663e-04 2.0779e-04 2.0754e-04 2.0698e-04 2.0689e-04 2.0668e-04 2.0929e-04 0 0 0 0 0 0 0 0
2.0648e-04 2.0642e-04 2.0695e-04 2.0698e-04 2.0691e-04 2.0678e-04 2.0686e-04 2.0806e-04 0 0 0 0 0 0 0 0
2.0655e-04 2.0646e-04 2.0695e-04 2.0689e-04 2.0678e-04 2.0672e-04 2.0673e-04 2.0781e-04 0 0 0 0 0 0 0 0
2.0626e-04 2.0633e-04 2.0657e-04 2.0668e-04 2.0686e-04 2.0673e-04 2.0698e-04 2.0757e-04 0 0 0 0 0 0 0 0
2.0732e-04 2.0703e-04 2.0985e-04 2.0929e-04 2.0806e-04 2.0781e-04 2.0757e-04 2.1449e-04 0 0 0 0 0 0 0 0
0 0 0 0 0 0 0 0 0.00044521 0.00044521 0.00044521 0.00044521 0.00044521 0.00044521 0.00044521 0.00044521
0 0 0 0 0 0 0 0 0.00044521 0.00044521 0.00044521 0.00044521 0.00044521 0.00044521 0.00044521 0.00044521
0 0 0 0 0 0 0 0 0.00044521 0.00044521 0.00044521 0.00044521 0.00044521 0.00044521 0.00044521 0.00044521
0 0 0 0 0 0 0 0 0.00044521 0.00044521 0.00044521 0.00044521 0.00044521 0.00044521 0.00044521 0.00044521
0 0 0 0 0 0 0 0 0.00044521 0.00044521 0.00044521 0.00044521 0.00044521 0.00044521 0.00044521 0.00044521
0 0 0 0 0 0 0 0 0.00044521 0.00044521 0.00044521 0.00044521 0.00044521 0.00044521 0.00044521 0.00044521
0 0 0 0 0 0 0 0 0.00044521 0.00044521 0.00044521 0.00044521 0.00044521 0.00044521 0.00044521 0.00044521
0 0 0 0 0 0 0 0 0.00044521 0.00044521 0.00044521 0.00044521 0.00044521 0.00044521 0.00044521 0.00044521