0.538	0.078	0.328	0.056	5.7485
0.606	0.074	0.277	0.043	5.8401
0.607	0.074	0.277	0.042	5.6962
0.603	0.076	0.276	0.045	5.8976
0.606	0.074	0.277	0.043	6.0410
0.557	0.076	0.313	0.054	5.8807
0.606	0.074	0.274	0.046	5.8320
0.538	0.078	0.328	0.056	5.7731
0.538	0.078	0.328	0.056	5.8101
0.538	0.078	0.328	0.056	5.3476
0.619	0.067	0.272	0.042	5.9858
0.584	0.068	0.298	0.050	6.0885
0.543	0.070	0.329	0.058	5.6153
1.0		0.0		0.0		0.0		5.2985
1.0		0.0		0.0		0.0		6.1883
1.0		0.0		0.0		0.0		6.3019
1.0		0.0		0.0		0.0		6.2618
1.0		0.0		0.0		0.0		6.3287
1.0		0.0		0.0		0.0		6.2953	
1.0		0.0		0.0		0.0		6.7301	
0.926	0.061	0.008	0.005	6.9727	
0.496	0.087	0.351	0.066	6.1148	
0.600	0.070	0.270	0.060	6.2519	
0.561	0.076	0.307	0.056	5.8738	
0.569	0.073	0.301	0.056	5.8708	
0.511	0.087	0.340	0.062	5.7663